1 0.01 1181.58342993 0.147624116683
1 0.02 965.446994881 0.120620564078
1 0.03 904.905447168 0.11305665257
1 0.04 882.986905026 0.110318204026
1 0.05 875.997416617 0.1094449546
1 0.06 876.027521413 0.109448715819
1 0.07 879.67223451 0.109904077275
1 0.08 885.242299807 0.110599987482
1 0.09 891.808615831 0.111420366795
1 0.1 898.825368464 0.112297022547
1 0.11 905.960608367 0.113188481805
1 0.12 912.988540649 0.114066534314
1 0.13 919.776044986 0.114914548349
1 0.14 926.23967223 0.11572209798
1 0.15 932.339333815 0.11648417464
1 0.16 938.044994617 0.117197025814
1 0.17 943.347748106 0.117859538744
1 0.18 948.24607807 0.118471523997
1 0.19 952.75342283 0.119034660523
1 0.2 956.873648059 0.119549431292
1 0.21 960.628900529 0.120018603265
1 0.22 964.053958048 0.120446521495
1 0.23 967.159591063 0.120834531617
1 0.24 969.957449161 0.121184089101
1 0.25 972.484300705 0.121499787694
1 0.26 974.763352102 0.121784526749
1 0.27 976.805540545 0.122039672732
1 0.28 978.631602355 0.122267816386
1 0.29 980.266368632 0.122472060049
1 0.3 981.727048066 0.122654553731
1 0.31 983.02146051 0.122816274426
1 0.32 984.175042829 0.122960400154
1 0.33 985.198174427 0.12308822769
1 0.34 986.098543101 0.123200717529
1 0.35 986.897503627 0.123300537685
1 0.36 987.598907192 0.123388169314
