140 0.05 2318.86748004 0.289713578215
140 0.1 2093.10909614 0.261507883076
140 0.15 2100.50986214 0.26243251651
140 0.2 2171.9513608 0.271358240979
140 0.25 2212.15539682 0.276381233985
140 0.3 2244.68624124 0.280445557377
140 0.35 2286.80938855 0.285708319409
140 0.4 2339.03843222 0.292233687184
140 0.45 2386.57548586 0.298172849308
140 0.5 2431.49051819 0.303784422563
140 0.55 2474.75564652 0.309189860884
140 0.6 2515.83735561 0.314322508197
140 0.65 2554.22339758 0.319118365515
140 0.7 2592.92297169 0.323953394764
140 0.75 2634.5477398 0.329153890529
140 0.8 2674.10530169 0.334096114655
140 0.85 2711.56909121 0.338776748027
140 0.9 2746.61598493 0.343155420407
140 0.95 2779.92400883 0.347316842683
140 1.0 2811.80613211 0.351300116456
150 0.05 2225.54755694 0.278054417409
150 0.1 2026.43962738 0.25317836424
150 0.15 2068.59124221 0.258444682935
150 0.2 2105.40162869 0.263043681745
150 0.25 2135.17207477 0.266763127783
150 0.3 2166.92580732 0.270730360735
150 0.35 2231.46308626 0.278793489037
150 0.4 2292.78088407 0.286454383317
150 0.45 2351.79286369 0.293827194364
150 0.5 2407.91505858 0.300838962841
150 0.55 2461.18828858 0.307494788678
150 0.6 2512.28384396 0.313878541225
150 0.65 2560.92914091 0.319956164531
150 0.7 2607.42854107 0.325765684792
150 0.75 2653.15143623 0.331478190434
150 0.8 2698.30335007 0.337119359079
150 0.85 2741.02068606 0.342456357578
150 0.9 2782.69425048 0.347662949835
150 0.95 2822.27451796 0.35260801074
150 1.0 2859.99119118 0.357320238778
160 0.05 2049.90681013 0.256110296118
160 0.1 1907.19039259 0.238279659244
160 0.15 1922.43469239 0.240184244427
160 0.2 1918.66082665 0.239712746958
160 0.25 1932.13291221 0.241395916068
160 0.3 1984.16525915 0.247896709039
160 0.35 2040.45513279 0.254929426885
160 0.4 2092.17109553 0.261390691596
160 0.45 2143.28692468 0.267776977097
160 0.5 2193.02542507 0.273991182543
160 0.55 2242.51549166 0.280174349283
160 0.6 2288.05940656 0.285864493573
160 0.65 2330.43960774 0.291159371281
160 0.7 2371.25656447 0.296258941088
160 0.75 2410.98039215 0.30122193805
160 0.8 2454.2075438 0.306622631659
160 0.85 2496.34392986 0.311887047708
160 0.9 2536.33191847 0.316883048285
160 0.95 2575.17189644 0.321735619246
160 1.0 2612.81498787 0.326438654157
170 0.05 1789.69093248 0.223599566776
170 0.1 1672.55612888 0.208965033594
170 0.15 1658.96214385 0.207266634664
170 0.2 1648.36422478 0.205942556819
170 0.25 1701.49205132 0.212580216307
170 0.3 1764.73053265 0.220481076043
170 0.35 1826.08931825 0.228147091236
170 0.4 1888.90494649 0.235995120751
170 0.45 1953.88004506 0.244112949158
170 0.5 2013.41763536 0.251551428706
170 0.55 2069.01476175 0.258497596421
170 0.6 2122.4983353 0.265179702062
170 0.65 2173.16383397 0.271509724384
170 0.7 2219.88813282 0.277347342931
170 0.75 2263.19950383 0.2827585587
170 0.8 2304.51775111 0.28792075851
170 0.85 2343.13052145 0.29274494271
170 0.9 2380.5622262 0.297421567491
170 0.95 2416.06148686 0.301856757479
170 1.0 2449.93043855 0.306088260688
180 0.05 1572.12719308 0.19641769029
180 0.1 1458.38727557 0.182207305793
180 0.15 1446.35845572 0.180704454737
180 0.2 1456.72099795 0.181999125182
180 0.25 1522.02446764 0.190157979465
180 0.3 1596.36601375 0.199446028704
180 0.35 1671.43276839 0.208824683707
180 0.4 1745.74325531 0.218108852487
180 0.45 1812.13860244 0.226404123244
180 0.5 1877.84477004 0.23461328961
180 0.55 1937.29456936 0.24204080077
180 0.6 1991.40058143 0.248800672343
180 0.65 2040.8825637 0.254982829049
180 0.7 2087.49148949 0.26080603317
180 0.75 2131.1333072 0.266258534133
180 0.8 2171.90942283 0.271353001354
180 0.85 2210.50273771 0.276174754837
180 0.9 2247.23897542 0.280764489682
180 0.95 2282.68145292 0.285192585322
180 1.0 2316.34877847 0.28939889786
190 0.05 1555.88535038 0.19438847456
190 0.1 1454.97184595 0.181780590448
190 0.15 1431.41877815 0.178837928305
190 0.2 1429.84898799 0.178641802598
190 0.25 1495.8762226 0.186891082284
190 0.3 1567.18588176 0.195800335052
190 0.35 1640.49903036 0.204959898846
190 0.4 1713.79824544 0.214117721819
190 0.45 1778.93606097 0.222255879682
190 0.5 1837.86054113 0.229617758762
190 0.55 1896.36802097 0.236927538851
190 0.6 1949.36095895 0.243548345696
190 0.65 1999.33383702 0.249791833711
190 0.7 2045.71560492 0.255586657286
190 0.75 2088.99272147 0.260993593388
190 0.8 2129.7768353 0.266089059883
190 0.85 2168.90184107 0.270977241513
190 0.9 2205.60502572 0.275562846791
190 0.95 2241.01585082 0.279986987858
190 1.0 2275.177927 0.284255113318
200 0.05 1611.44588239 0.201330070263
200 0.1 1486.40717551 0.185708042917
200 0.15 1502.76682563 0.187751977216
200 0.2 1535.90130607 0.1918917174
200 0.25 1563.65755948 0.195359515177
200 0.3 1575.22999762 0.196805347029
200 0.35 1600.53119221 0.199966415818
200 0.4 1672.7699347 0.208991745964
200 0.45 1737.48575915 0.217077181303
200 0.5 1796.43847042 0.224442587509
200 0.55 1850.46753163 0.231192845032
200 0.6 1901.64267179 0.237586540703
200 0.65 1950.2336579 0.243657378548
200 0.7 1997.16998217 0.249521487028
200 0.75 2041.58893312 0.255071081099
200 0.8 2083.59138269 0.260318763454
200 0.85 2123.06753475 0.265250816436
200 0.9 2161.23834472 0.270019783198
200 0.95 2196.99619691 0.274487280973
200 1.0 2231.77601911 0.278832586096
210 0.05 1634.75142854 0.204241807663
210 0.1 1545.33035079 0.19306975897
210 0.15 1547.62507828 0.193356456556
210 0.2 1558.05256237 0.194659240676
210 0.25 1568.96969823 0.196023200678
210 0.3 1566.45389638 0.195708882606
210 0.35 1555.87685945 0.194387413724
210 0.4 1616.05330975 0.201905710863
210 0.45 1679.35942885 0.209815021095
210 0.5 1737.76939073 0.217112617533
210 0.55 1792.80044481 0.22398806157
210 0.6 1844.3980146 0.230434534558
210 0.65 1894.94453776 0.236749692374
210 0.7 1942.73500153 0.242720514933
210 0.75 1987.84353388 0.248356263603
210 0.8 2030.50064117 0.253685737278
210 0.85 2071.14145688 0.25876330046
210 0.9 2110.24422938 0.26364870432
210 0.95 2147.44483565 0.268296456229
210 1.0 2182.63185648 0.272692635742
220 0.05 1662.73937399 0.207738552473
220 0.1 1574.30443272 0.196689709235
220 0.15 1574.55549964 0.196721076917
220 0.2 1588.05532642 0.198407711946
220 0.25 1606.33737141 0.200691825513
220 0.3 1611.62521165 0.201352475218
220 0.35 1611.96346592 0.201394735872
220 0.4 1611.79538867 0.201373736715
220 0.45 1672.68479189 0.208981108432
220 0.5 1729.80613568 0.216117708106
220 0.55 1782.41018086 0.222689927644
220 0.6 1833.90943274 0.229124117034
220 0.65 1882.93829046 0.235249661477
220 0.7 1928.7298667 0.240970747964
220 0.75 1971.6785538 0.2463366509
220 0.8 2012.20089702 0.251399412421
220 0.85 2051.29604034 0.256283863111
220 0.9 2088.0071686 0.260870460845
220 0.95 2123.69584871 0.265329316431
220 1.0 2157.398937 0.269540097077
230 0.05 1698.14573057 0.212162135254
230 0.1 1599.65038826 0.199856370347
230 0.15 1603.82041312 0.200377362959
230 0.2 1612.6067579 0.201475107184
230 0.25 1628.17936811 0.203420710658
230 0.3 1636.50544057 0.204460949596
230 0.35 1637.60475744 0.204598295532
230 0.4 1634.19649268 0.204172475348
230 0.45 1657.40755613 0.207072408312
230 0.5 1712.3400108 0.213935533584
230 0.55 1762.78686449 0.220238238942
230 0.6 1813.41543403 0.22656364743
230 0.65 1860.88331607 0.232494167424
230 0.7 1905.01034078 0.238007288953
230 0.75 1946.57984337 0.243200879981
230 0.8 1986.06057024 0.248133504527
230 0.85 2023.49752323 0.252810785011
230 0.9 2058.84559359 0.257227085656
230 0.95 2093.43187157 0.261548209842
230 1.0 2126.27309075 0.265651310688
240 0.05 1713.66391313 0.214100938672
240 0.1 1602.55039466 0.200218689988
240 0.15 1608.3406994 0.200942116367
240 0.2 1619.63722132 0.202353475927
240 0.25 1638.17566098 0.204669622811
240 0.3 1649.50086793 0.206084566208
240 0.35 1653.90051621 0.206634247403
240 0.4 1651.42092477 0.20632445337
240 0.45 1642.3738284 0.205194131484
240 0.5 1692.48829803 0.211455309598
240 0.55 1741.74259556 0.217609019935
240 0.6 1791.65801205 0.223845328841
240 0.65 1838.45205667 0.229691661253
240 0.7 1881.85463986 0.235114272846
240 0.75 1922.550433 0.240198704773
240 0.8 1961.11596298 0.245016986879
240 0.85 1997.59866243 0.249575045281
240 0.9 2032.48144301 0.253933213769
240 0.95 2066.04223626 0.258126216424
240 1.0 2098.3347378 0.262160761844
250 0.05 1707.2157131 0.213295316479
250 0.1 1580.98278522 0.19752408611
250 0.15 1586.421714 0.198203612444
250 0.2 1595.60178399 0.199350547725
250 0.25 1611.3290749 0.201315476624
250 0.3 1620.24051809 0.202428850336
250 0.35 1622.99195065 0.202772607527
250 0.4 1619.40906882 0.202324971117
250 0.45 1626.00154537 0.203148618862
250 0.5 1677.8535607 0.209626881647
250 0.55 1726.29377669 0.215678882645
250 0.6 1776.14468624 0.221907132214
250 0.65 1822.23805552 0.227665923978
250 0.7 1864.79657801 0.232983080711
250 0.75 1904.68759267 0.237966965601
250 0.8 1942.32494426 0.242669283391
250 0.85 1977.91148331 0.247115377725
250 0.9 2012.26558684 0.251407494608
250 0.95 2044.78770727 0.255470728045
250 1.0 2076.43390492 0.259424525852
260 0.05 1691.01956759 0.211271810044
260 0.1 1571.30324376 0.196314748096
260 0.15 1588.12242623 0.198416095231
260 0.2 1604.0418478 0.200405028461
260 0.25 1623.87374527 0.202882776771
260 0.3 1632.61070288 0.203974350685
260 0.35 1633.42758827 0.204076410328
260 0.4 1627.15103861 0.203292233709
260 0.45 1613.23497248 0.201553594762
260 0.5 1656.34436643 0.206939576016
260 0.55 1705.01347841 0.213020174714
260 0.6 1754.10411401 0.219153437533
260 0.65 1799.09984363 0.224775092907
260 0.7 1840.7964312 0.22998456162
260 0.75 1879.77670961 0.234854661371
260 0.8 1916.43742714 0.239434960912
260 0.85 1950.99706844 0.243752757176
260 0.9 1984.66078805 0.247958619197
260 0.95 2016.30675878 0.251912388654
260 1.0 2047.18379382 0.255770089183
270 0.05 1683.84907386 0.210375946259
270 0.1 1566.27638405 0.195686704654
270 0.15 1587.7139816 0.198365065167
270 0.2 1601.53045705 0.2000912615
270 0.25 1621.41026516 0.202574995648
270 0.3 1630.40582119 0.20369887821
270 0.35 1634.27221169 0.204181935494
270 0.4 1629.64966624 0.203604406076
270 0.45 1615.64311372 0.201854461984
270 0.5 1639.67289936 0.204856684078
270 0.55 1686.81616296 0.210746647046
270 0.6 1735.72781306 0.216857547859
270 0.65 1780.26573772 0.222422006212
270 0.7 1821.59710394 0.22758584507
270 0.75 1860.09216961 0.23239532354
270 0.8 1896.23525215 0.236910951043
270 0.85 1930.38260739 0.241177237305
270 0.9 1963.32939266 0.245293527319
270 0.95 1994.33219187 0.249166940514
270 1.0 2024.7094934 0.252962205572
280 0.05 1692.65840613 0.211476562485
280 0.1 1576.89832927 0.197013784267
280 0.15 1603.1413336 0.200292520439
280 0.2 1617.34665832 0.20206729864
280 0.25 1633.47837638 0.20408275567
280 0.3 1647.12256203 0.205787426541
280 0.35 1645.65312985 0.205603839312
280 0.4 1641.86734231 0.205130852363
280 0.45 1633.71421789 0.204112221126
280 0.5 1649.18158847 0.206044676221
280 0.55 1697.20565695 0.212044684776
280 0.6 1744.49241924 0.217952576117
280 0.65 1792.64350063 0.223968453351
280 0.7 1837.3326424 0.229551804398
280 0.75 1878.84892267 0.234738745961
280 0.8 1917.6753264 0.239589620989
280 0.85 1954.32233247 0.244168207455
280 0.9 1989.37856697 0.248548046848
280 0.95 2022.30728491 0.252662079574
280 1.0 2054.38151186 0.256669354305
290 0.05 1729.01633587 0.216019032467
290 0.1 1622.25201709 0.202680162056
290 0.15 1653.82292285 0.20662455308
290 0.2 1662.81856009 0.207748445789
290 0.25 1672.40589773 0.208946264084
290 0.3 1679.3027711 0.209807942416
290 0.35 1669.03630981 0.208525276088
290 0.4 1656.26029491 0.206929072328
290 0.45 1660.62974986 0.207474981242
290 0.5 1679.36354003 0.209815534737
290 0.55 1699.38967976 0.212317551194
290 0.6 1730.53671129 0.216208984419
290 0.65 1773.90940008 0.221627861079
290 0.7 1815.19736069 0.226786276948
290 0.75 1854.31282738 0.231673266789
290 0.8 1891.48018937 0.236316865239
290 0.85 1927.08329497 0.240765029356
290 0.9 1961.49099105 0.24506384196
290 0.95 1994.05389081 0.249132170267
290 1.0 2025.93163107 0.253114896435
300 0.05 1751.2145139 0.218792418028
300 0.1 1642.57091064 0.205218754453
300 0.15 1661.95331416 0.207640344098
300 0.2 1656.04781335 0.206902525406
300 0.25 1652.60113179 0.206471905521
300 0.3 1646.04762144 0.205653126117
300 0.35 1632.18569163 0.203921250828
300 0.4 1617.1595023 0.20204391583
300 0.45 1633.78006682 0.204120448128
300 0.5 1649.47816837 0.206081730181
300 0.55 1672.66380569 0.208978486468
300 0.6 1717.89743196 0.214629864063
300 0.65 1760.16088955 0.219910156115
300 0.7 1800.3838075 0.224935508184
300 0.75 1838.54306402 0.229703031486
300 0.8 1874.83822164 0.234237658876
300 0.85 1909.60773552 0.238581676102
300 0.9 1943.19687167 0.242778219848
300 0.95 1975.14876512 0.246770210535
300 1.0 2006.33194995 0.250666160664
