10 0.1 2671.43473177 0.333762460241
10 0.2 2797.85515212 0.349557115457
10 0.3 2942.02451003 0.367569279114
10 0.4 3112.47282255 0.388864670484
10 0.5 3266.74665401 0.40813926212
10 0.6 3410.33864369 0.426079290816
10 0.7 3542.83811737 0.442633447947
10 0.8 3698.11522421 0.462033386333
10 0.9 3860.77955651 0.48235626643
10 1.0 4011.75600518 0.501218891202
20 0.1 2942.56062377 0.367636259842
20 0.2 3072.36651013 0.383853886823
20 0.3 3258.07145993 0.407055404788
20 0.4 3495.41595061 0.436708639506
20 0.5 3730.26777555 0.46605044672
20 0.6 3943.73263313 0.492720219032
20 0.7 4136.96232241 0.516861859372
20 0.8 4310.8721025 0.538589717953
20 0.9 4488.72037706 0.560809642312
20 1.0 4671.21772508 0.583610410429
30 0.1 2950.69617515 0.368652695546
30 0.2 3160.46810905 0.394861083089
30 0.3 3408.06250207 0.425794915301
30 0.4 3659.84681652 0.457252225952
30 0.5 3891.99618768 0.486256395263
30 0.6 4118.80936466 0.514593873645
30 0.7 4323.59875823 0.540179754901
30 0.8 4511.18799617 0.563616691176
30 0.9 4681.84184399 0.584937761618
30 1.0 4858.22091705 0.606974127568
40 0.1 2959.36001257 0.369735134004
40 0.2 3212.7589204 0.401394167967
40 0.3 3474.08223801 0.434043258122
40 0.4 3738.66215315 0.467099219533
40 0.5 3969.05363093 0.495883761985
40 0.6 4201.30048857 0.524900111016
40 0.7 4410.37226664 0.551021022819
40 0.8 4602.84045121 0.57506752264
40 0.9 4778.03717852 0.59695616923
40 1.0 4945.74331802 0.617908960272
50 0.1 2985.77321304 0.373035134063
50 0.2 3240.18105249 0.40482022145
50 0.3 3501.98484225 0.437529340611
50 0.4 3768.56106954 0.470834716335
50 0.5 4025.27984517 0.502908526383
50 0.6 4232.58117811 0.528808243142
50 0.7 4461.71389457 0.557435519062
50 0.8 4658.40417088 0.582009516602
50 0.9 4835.66687459 0.604156281184
50 1.0 4997.9251561 0.624428430298
60 0.1 3023.15010014 0.377704910063
60 0.2 3264.54763878 0.407864522587
60 0.3 3513.52349059 0.438970950848
60 0.4 3785.29425566 0.472925319298
60 0.5 4022.06155903 0.502506441658
60 0.6 4273.61322648 0.533934685968
60 0.7 4459.38043767 0.557143982717
60 0.8 4687.67603091 0.585666670528
60 0.9 4874.70949887 0.609034170273
60 1.0 5038.63873992 0.629515084947
70 0.1 3078.64277324 0.384638027641
70 0.2 3281.49174072 0.409981476852
70 0.3 3524.71925418 0.440369721911
70 0.4 3796.93689921 0.47437992244
70 0.5 4047.96034354 0.505742171856
70 0.6 4271.69666864 0.533695235962
70 0.7 4493.53660858 0.561411370387
70 0.8 4662.42497354 0.58251186576
70 0.9 4875.54552789 0.609138621675
70 1.0 5042.98205532 0.630057728051
80 0.1 2963.22526164 0.37021804868
80 0.2 3046.32487189 0.380600308832
80 0.3 3270.52096342 0.408610815019
80 0.4 3488.82510865 0.435885195983
80 0.5 3681.47786471 0.459954755711
80 0.6 3845.68545844 0.480470447081
80 0.7 3981.53443087 0.497443082318
80 0.8 4097.07995798 0.51187905522
80 0.9 4185.13893427 0.52288092632
80 1.0 4278.00545139 0.534483439704
90 0.1 2866.25021176 0.358102225357
90 0.2 2923.36686258 0.365238238703
90 0.3 3104.48818978 0.387867090178
90 0.4 3284.24242967 0.410325141138
90 0.5 3431.03909808 0.428665554483
90 0.6 3537.94112229 0.442021629471
90 0.7 3605.14748567 0.450418226595
90 0.8 3664.4480892 0.457827097602
90 0.9 3720.75725444 0.464862225692
90 1.0 3769.21423706 0.470916321471
100 0.1 2722.92296729 0.340195273274
100 0.2 2779.43444443 0.347255677715
100 0.3 2959.97780621 0.369812319616
100 0.4 3090.94836534 0.386175457938
100 0.5 3180.47811729 0.39736108412
100 0.6 3259.51735444 0.407236051279
100 0.7 3315.93286884 0.414284466372
100 0.8 3369.53243363 0.420981063672
100 0.9 3430.27628546 0.428570250557
100 1.0 3482.80734044 0.43513335088
110 0.1 2495.45120396 0.311775512738
110 0.2 2493.47022268 0.311528013828
110 0.3 2583.00766833 0.322714601241
110 0.4 2759.42594534 0.344755865235
110 0.5 2918.29711369 0.364604836793
110 0.6 3051.36829636 0.381230421834
110 0.7 3165.09676098 0.395439375435
110 0.8 3263.66485641 0.407754229936
110 0.9 3350.52346091 0.418606129549
110 1.0 3427.40297466 0.428211266199
120 0.1 2108.95334426 0.263487424321
120 0.2 2203.98060913 0.275359896193
120 0.3 2354.65781426 0.294185134216
120 0.4 2469.44311873 0.308526126778
120 0.5 2553.98628592 0.319088741369
120 0.6 2625.40135577 0.328011163889
120 0.7 2691.23196358 0.336235877509
120 0.8 2753.06263789 0.343960849312
120 0.9 2812.94290812 0.351442142444
120 1.0 2870.61262828 0.358647254907
130 0.1 2116.38183144 0.26441552117
130 0.2 2166.7957728 0.270714114542
130 0.3 2272.83458772 0.283962342293
130 0.4 2374.57459348 0.296673487441
130 0.5 2459.16962562 0.307242581911
130 0.6 2533.5568438 0.316536337306
130 0.7 2603.95810759 0.3253320974
130 0.8 2673.5432485 0.334025893116
130 0.9 2740.99630013 0.342453310861
130 1.0 2803.27728045 0.350234542784
140 0.1 2093.10909614 0.261507883076
140 0.2 2171.9513608 0.271358240979
140 0.3 2244.68624124 0.280445557377
140 0.4 2339.03843222 0.292233687184
140 0.5 2431.49051819 0.303784422563
140 0.6 2515.83735561 0.314322508197
140 0.7 2592.92297169 0.323953394764
140 0.8 2674.10530169 0.334096114655
140 0.9 2746.61598493 0.343155420407
140 1.0 2811.80613211 0.351300116456
150 0.1 2026.43962738 0.25317836424
150 0.2 2105.40162869 0.263043681745
150 0.3 2166.92580732 0.270730360735
150 0.4 2292.78088407 0.286454383317
150 0.5 2407.91505858 0.300838962841
150 0.6 2512.28384396 0.313878541225
150 0.7 2607.42854107 0.325765684792
150 0.8 2698.30335007 0.337119359079
150 0.9 2782.69425048 0.347662949835
150 1.0 2859.99119118 0.357320238778
160 0.1 1907.19039259 0.238279659244
160 0.2 1918.66082665 0.239712746958
160 0.3 1984.16525915 0.247896709039
160 0.4 2092.17109553 0.261390691596
160 0.5 2193.02542507 0.273991182543
160 0.6 2288.05940656 0.285864493573
160 0.7 2371.25656447 0.296258941088
160 0.8 2454.2075438 0.306622631659
160 0.9 2536.33191847 0.316883048285
160 1.0 2612.81498787 0.326438654157
170 0.1 1672.55612888 0.208965033594
170 0.2 1648.36422478 0.205942556819
170 0.3 1764.73053265 0.220481076043
170 0.4 1888.90494649 0.235995120751
170 0.5 2013.41763536 0.251551428706
170 0.6 2122.4983353 0.265179702062
170 0.7 2219.88813282 0.277347342931
170 0.8 2304.51775111 0.28792075851
170 0.9 2380.5622262 0.297421567491
170 1.0 2449.93043855 0.306088260688
180 0.1 1458.38727557 0.182207305793
180 0.2 1456.72099795 0.181999125182
180 0.3 1596.36601375 0.199446028704
180 0.4 1745.74325531 0.218108852487
180 0.5 1877.84477004 0.23461328961
180 0.6 1991.40058143 0.248800672343
180 0.7 2087.49148949 0.26080603317
180 0.8 2171.90942283 0.271353001354
180 0.9 2247.23897542 0.280764489682
180 1.0 2316.34877847 0.28939889786
190 0.1 1454.97184595 0.181780590448
190 0.2 1429.84898799 0.178641802598
190 0.3 1567.18588176 0.195800335052
190 0.4 1713.79824544 0.214117721819
190 0.5 1837.86054113 0.229617758762
190 0.6 1949.36095895 0.243548345696
190 0.7 2045.71560492 0.255586657286
190 0.8 2129.7768353 0.266089059883
190 0.9 2205.60502572 0.275562846791
190 1.0 2275.177927 0.284255113318
200 0.1 1486.40717551 0.185708042917
200 0.2 1535.90130607 0.1918917174
200 0.3 1575.22999762 0.196805347029
200 0.4 1672.7699347 0.208991745964
200 0.5 1796.43847042 0.224442587509
200 0.6 1901.64267179 0.237586540703
200 0.7 1997.16998217 0.249521487028
200 0.8 2083.59138269 0.260318763454
200 0.9 2161.23834472 0.270019783198
200 1.0 2231.77601911 0.278832586096
210 0.1 1545.33035079 0.19306975897
210 0.2 1558.05256237 0.194659240676
210 0.3 1566.45389638 0.195708882606
210 0.4 1616.05330975 0.201905710863
210 0.5 1737.76939073 0.217112617533
210 0.6 1844.3980146 0.230434534558
210 0.7 1942.73500153 0.242720514933
210 0.8 2030.50064117 0.253685737278
210 0.9 2110.24422938 0.26364870432
210 1.0 2182.63185648 0.272692635742
220 0.1 1574.30443272 0.196689709235
220 0.2 1588.05532642 0.198407711946
220 0.3 1611.62521165 0.201352475218
220 0.4 1611.79538867 0.201373736715
220 0.5 1729.80613568 0.216117708106
220 0.6 1833.90943274 0.229124117034
220 0.7 1928.7298667 0.240970747964
220 0.8 2012.20089702 0.251399412421
220 0.9 2088.0071686 0.260870460845
220 1.0 2157.398937 0.269540097077
230 0.1 1599.65038826 0.199856370347
230 0.2 1612.6067579 0.201475107184
230 0.3 1636.50544057 0.204460949596
230 0.4 1634.19649268 0.204172475348
230 0.5 1712.3400108 0.213935533584
230 0.6 1813.41543403 0.22656364743
230 0.7 1905.01034078 0.238007288953
230 0.8 1986.06057024 0.248133504527
230 0.9 2058.84559359 0.257227085656
230 1.0 2126.27309075 0.265651310688
240 0.1 1602.55039466 0.200218689988
240 0.2 1619.63722132 0.202353475927
240 0.3 1649.50086793 0.206084566208
240 0.4 1651.42092477 0.20632445337
240 0.5 1692.48829803 0.211455309598
240 0.6 1791.65801205 0.223845328841
240 0.7 1881.85463986 0.235114272846
240 0.8 1961.11596298 0.245016986879
240 0.9 2032.48144301 0.253933213769
240 1.0 2098.3347378 0.262160761844
250 0.1 1580.98278522 0.19752408611
250 0.2 1595.60178399 0.199350547725
250 0.3 1620.24051809 0.202428850336
250 0.4 1619.40906882 0.202324971117
250 0.5 1677.8535607 0.209626881647
250 0.6 1776.14468624 0.221907132214
250 0.7 1864.79657801 0.232983080711
250 0.8 1942.32494426 0.242669283391
250 0.9 2012.26558684 0.251407494608
250 1.0 2076.43390492 0.259424525852
260 0.1 1571.30324376 0.196314748096
260 0.2 1604.0418478 0.200405028461
260 0.3 1632.61070288 0.203974350685
260 0.4 1627.15103861 0.203292233709
260 0.5 1656.34436643 0.206939576016
260 0.6 1754.10411401 0.219153437533
260 0.7 1840.7964312 0.22998456162
260 0.8 1916.43742714 0.239434960912
260 0.9 1984.66078805 0.247958619197
260 1.0 2047.18379382 0.255770089183
270 0.1 1566.27638405 0.195686704654
270 0.2 1601.53045705 0.2000912615
270 0.3 1630.40582119 0.20369887821
270 0.4 1629.64966624 0.203604406076
270 0.5 1639.67289936 0.204856684078
270 0.6 1735.72781306 0.216857547859
270 0.7 1821.59710394 0.22758584507
270 0.8 1896.23525215 0.236910951043
270 0.9 1963.32939266 0.245293527319
270 1.0 2024.7094934 0.252962205572
280 0.1 1576.89832927 0.197013784267
280 0.2 1617.34665832 0.20206729864
280 0.3 1647.12256203 0.205787426541
280 0.4 1641.86734231 0.205130852363
280 0.5 1649.18158847 0.206044676221
280 0.6 1744.49241924 0.217952576117
280 0.7 1837.3326424 0.229551804398
280 0.8 1917.6753264 0.239589620989
280 0.9 1989.37856697 0.248548046848
280 1.0 2054.38151186 0.256669354305
290 0.1 1622.25201709 0.202680162056
290 0.2 1662.81856009 0.207748445789
290 0.3 1679.3027711 0.209807942416
290 0.4 1656.26029491 0.206929072328
290 0.5 1679.36354003 0.209815534737
290 0.6 1730.53671129 0.216208984419
290 0.7 1815.19736069 0.226786276948
290 0.8 1891.48018937 0.236316865239
290 0.9 1961.49099105 0.24506384196
290 1.0 2025.93163107 0.253114896435
300 0.1 1642.57091064 0.205218754453
300 0.2 1656.04781335 0.206902525406
300 0.3 1646.04762144 0.205653126117
300 0.4 1617.1595023 0.20204391583
300 0.5 1649.47816837 0.206081730181
300 0.6 1717.89743196 0.214629864063
300 0.7 1800.3838075 0.224935508184
300 0.8 1874.83822164 0.234237658876
300 0.9 1943.19687167 0.242778219848
300 1.0 2006.33194995 0.250666160664
