300 0.1 1642.57091064 0.205218754453
300 0.2 1656.04781335 0.206902525406
300 0.3 1646.04762144 0.205653126117
300 0.4 1617.1595023 0.20204391583
300 0.5 1649.47816837 0.206081730181
300 0.6 1717.89743196 0.214629864063
300 0.7 1800.3838075 0.224935508184
300 0.8 1874.83822164 0.234237658876
300 0.9 1943.19687167 0.242778219848
300 1.0 2006.33194995 0.250666160664
310 0.1 1626.88466462 0.2032589536
310 0.2 1649.65132851 0.206103364381
310 0.3 1630.24284544 0.203678516422
310 0.4 1593.79933869 0.199125354659
310 0.5 1617.50204725 0.20208671255
310 0.6 1706.33336327 0.21318507787
310 0.7 1786.04421528 0.223143954933
310 0.8 1858.17005219 0.232155178934
310 0.9 1924.63370975 0.240458984226
310 1.0 1986.32707093 0.248166800466
320 0.1 1653.27697887 0.206556344186
320 0.2 1632.31575429 0.203937500535
320 0.3 1608.81321846 0.201001151732
320 0.4 1577.16708876 0.197047362414
320 0.5 1606.60649418 0.200725449048
320 0.6 1692.7169929 0.211483882171
320 0.7 1770.91863385 0.221254202131
320 0.8 1841.91026387 0.230123721123
320 0.9 1907.56226997 0.238326120686
320 1.0 1968.62633987 0.245955314827
330 0.1 1659.2718578 0.207305329561
330 0.2 1621.12053683 0.202538797705
330 0.3 1603.15116815 0.200293749145
330 0.4 1572.87498651 0.196511117755
330 0.5 1593.43867167 0.199080293811
330 0.6 1677.8897685 0.20963140536
330 0.7 1755.46702065 0.219323715723
330 0.8 1826.06844443 0.228144483312
330 0.9 1891.44462058 0.236312421362
330 1.0 1952.35562445 0.24392249181
340 0.1 1635.58296546 0.204345697833
340 0.2 1595.72876439 0.199366412343
340 0.3 1577.87833101 0.197136223264
340 0.4 1553.00311257 0.194028374884
340 0.5 1577.19929488 0.197051386166
340 0.6 1659.6510493 0.20735270481
340 0.7 1736.29434143 0.216928328514
340 0.8 1806.79273587 0.225736223872
340 0.9 1872.03190234 0.233887044271
340 1.0 1933.17423818 0.241526016764
350 0.1 1556.78722874 0.194501153016
350 0.2 1515.28679942 0.189316191831
350 0.3 1496.45933185 0.186963934514
350 0.4 1476.0090957 0.184408932496
350 0.5 1543.99191492 0.192902538096
350 0.6 1627.55527731 0.203342738295
350 0.7 1707.30780511 0.213306822228
350 0.8 1779.19394897 0.222288099571
350 0.9 1844.66659821 0.230468090731
350 1.0 1905.68628013 0.238091739147
360 0.1 1496.14004889 0.18692404409
360 0.2 1464.66759563 0.182991953477
360 0.3 1455.41932246 0.181836497059
360 0.4 1497.61123441 0.187107850376
360 0.5 1536.15331245 0.191923202455
360 0.6 1592.2580036 0.198932784058
360 0.7 1671.88864224 0.20888163946
360 0.8 1742.9455461 0.217759313606
360 0.9 1807.74107946 0.225854707579
360 1.0 1867.92973944 0.233374530165
370 0.1 1497.73544289 0.187123368677
370 0.2 1424.18290494 0.17793389617
370 0.3 1425.34958183 0.178079657899
370 0.4 1509.86131503 0.188638345206
370 0.5 1576.33973563 0.196943994956
370 0.6 1622.7366066 0.202740705472
370 0.7 1651.76107208 0.206366950534
370 0.8 1720.87949972 0.215002436247
370 0.9 1785.46227836 0.22307124917
370 1.0 1845.38675522 0.23055806537
380 0.1 1491.16454946 0.186302417474
380 0.2 1467.5222903 0.183348611981
380 0.3 1489.37974718 0.186079428683
380 0.4 1554.32176559 0.194193124137
380 0.5 1604.38358775 0.200447724607
380 0.6 1635.29523984 0.204309750104
380 0.7 1655.82668095 0.20687489767
380 0.8 1698.29042126 0.212180212552
380 0.9 1762.99430221 0.220264155699
380 1.0 1823.79337104 0.22786024126
390 0.1 1526.49194513 0.190716135074
390 0.2 1482.02810489 0.185160932645
390 0.3 1503.85568291 0.187888016356
390 0.4 1562.57423342 0.195224167094
390 0.5 1612.21740128 0.201426461928
390 0.6 1643.97575524 0.205394272269
390 0.7 1669.35401126 0.208564968922
390 0.8 1694.33104157 0.211685537427
390 0.9 1749.02125716 0.218518397946
390 1.0 1810.82163547 0.226239584641
400 0.1 1548.99492738 0.193527602121
400 0.2 1505.84388472 0.188136417382
400 0.3 1525.33427358 0.190571498448
400 0.4 1579.97832207 0.197398590963
400 0.5 1624.86251936 0.203006311765
400 0.6 1656.46593968 0.206954765078
400 0.7 1680.64999894 0.209976261737
400 0.8 1703.60750908 0.212844516377
400 0.9 1730.99769179 0.216266578185
400 1.0 1790.71557225 0.22372758274
410 0.1 1566.77987229 0.195749609232
410 0.2 1520.44754386 0.189960962501
410 0.3 1529.05751339 0.191036670838
410 0.4 1582.53247984 0.197717701129
410 0.5 1627.49212971 0.20333484879
410 0.6 1662.02848857 0.207649736203
410 0.7 1687.63567779 0.210849035206
410 0.8 1710.22596368 0.213671409755
410 0.9 1722.33982269 0.215184885393
410 1.0 1771.64221404 0.221344604453
420 0.1 1571.62488676 0.196354933378
420 0.2 1524.8686138 0.190513320065
420 0.3 1527.52960785 0.190845778093
420 0.4 1583.20006487 0.197801107554
420 0.5 1628.8315387 0.203502191242
420 0.6 1666.1311871 0.208162317229
420 0.7 1692.59738575 0.21146893875
420 0.8 1714.3212049 0.214183059083
420 0.9 1726.12476844 0.215657767172
420 1.0 1756.77316955 0.219486902742
430 0.1 1562.50966692 0.195216100315
430 0.2 1516.55931435 0.189475176706
430 0.3 1512.15191227 0.18892452677
430 0.4 1569.21112123 0.196053363471
430 0.5 1615.60298396 0.201849448271
430 0.6 1656.38090061 0.206944140506
430 0.7 1683.9012748 0.210382468116
430 0.8 1703.81905596 0.212870946522
430 0.9 1721.14900016 0.215036106966
430 1.0 1745.140855 0.21803359008
440 0.1 1559.76834847 0.194873606756
440 0.2 1529.60820487 0.191105472873
440 0.3 1513.47242836 0.189089508791
440 0.4 1570.49695006 0.196214011751
440 0.5 1612.97805627 0.201521496286
440 0.6 1647.68224892 0.205857352439
440 0.7 1669.78718917 0.208619089102
440 0.8 1682.82820106 0.210248400932
440 0.9 1701.22573361 0.212546943229
440 1.0 1728.64669043 0.215972849879
450 0.1 1558.73863962 0.194744957474
450 0.2 1532.96475342 0.191524831761
450 0.3 1512.07451833 0.188914857362
450 0.4 1568.22513626 0.195930176943
450 0.5 1610.9606973 0.201269452436
450 0.6 1644.04721206 0.205403199907
450 0.7 1666.41246589 0.208197459506
450 0.8 1679.36811971 0.20981610691
450 0.9 1700.98339046 0.212516665475
450 1.0 1718.02395957 0.21464567211
460 0.1 1567.16970963 0.195798314546
460 0.2 1544.30688956 0.19294189025
460 0.3 1532.01063112 0.191405626077
460 0.4 1590.96204825 0.198770870595
460 0.5 1635.34230349 0.204315630122
460 0.6 1667.35781694 0.208315569333
460 0.7 1689.7613961 0.211114617204
460 0.8 1706.7764968 0.213240441879
460 0.9 1724.60306754 0.215467649618
460 1.0 1739.69374814 0.217353041997
470 0.1 1589.07521688 0.198535134543
470 0.2 1560.85442144 0.195009298031
470 0.3 1543.87121176 0.192887457741
470 0.4 1597.32625133 0.199565998417
470 0.5 1634.14082154 0.204165519932
470 0.6 1654.22091246 0.206674276919
470 0.7 1673.88257917 0.209130757017
470 0.8 1686.79514608 0.210744021249
470 0.9 1706.95415937 0.213262638602
470 1.0 1721.38980758 0.215066192851
480 0.1 1600.05719329 0.199907195564
480 0.2 1562.11616542 0.195166937209
480 0.3 1537.00688081 0.192029845179
480 0.4 1581.22369577 0.197554184879
480 0.5 1615.12895865 0.201790224719
480 0.6 1635.23647513 0.204302408187
480 0.7 1653.55553254 0.206591145994
480 0.8 1667.08065433 0.208280941321
480 0.9 1683.5179626 0.210334578036
480 1.0 1707.15879151 0.213288204837
490 0.1 1601.49115443 0.200086351128
490 0.2 1553.14442724 0.19404603039
490 0.3 1514.85187997 0.18926185407
490 0.4 1552.80027581 0.19400303296
490 0.5 1584.97965505 0.198023445159
490 0.6 1606.12732449 0.20066558277
490 0.7 1623.05847621 0.202780919067
490 0.8 1639.23674045 0.204802191461
490 0.9 1654.61537032 0.206723559511
490 1.0 1692.88727094 0.21150515629
500 0.1 1605.88735035 0.200635600993
500 0.2 1537.22665767 0.192057303557
500 0.3 1496.70521861 0.186994654999
500 0.4 1534.3034017 0.191692079173
500 0.5 1568.30670687 0.195940368174
500 0.6 1592.36022873 0.198945555813
500 0.7 1611.21508789 0.201301235369
500 0.8 1627.79860379 0.203373138905
500 0.9 1642.08411568 0.205157935492
500 1.0 1681.58482213 0.210093056238
510 0.1 1606.14167709 0.200667375948
510 0.2 1532.97961043 0.19152668796
510 0.3 1490.92864321 0.18627294393
510 0.4 1527.93122601 0.190895955273
510 0.5 1563.08957651 0.195288552787
510 0.6 1589.84806503 0.198631692282
510 0.7 1609.97699118 0.201146550622
510 0.8 1626.13365244 0.203165123993
510 0.9 1638.37008468 0.204693913628
510 1.0 1673.18380043 0.209043453327
520 0.1 1593.60646676 0.199101257716
520 0.2 1522.91010851 0.190268629249
520 0.3 1482.90628116 0.185270649821
520 0.4 1518.74311592 0.189748015482
520 0.5 1550.49512537 0.193715033154
520 0.6 1578.9674477 0.197272294816
520 0.7 1599.57850998 0.199847390052
520 0.8 1615.16514146 0.201794745309
520 0.9 1625.4895995 0.203084657609
520 1.0 1665.67668839 0.208105533283
530 0.1 1547.81837705 0.193380606828
530 0.2 1481.58751343 0.185105886236
530 0.3 1463.39891521 0.182833447677
530 0.4 1501.44544807 0.187586887564
530 0.5 1531.01513321 0.191281251026
530 0.6 1561.0881595 0.195038500687
530 0.7 1578.79727032 0.197251033274
530 0.8 1591.821722 0.198878276112
530 0.9 1599.88633866 0.199885849408
530 1.0 1650.82162664 0.206249578541
540 0.1 1525.52609038 0.190595463566
540 0.2 1471.71543271 0.183872492842
540 0.3 1469.299853 0.183570696277
540 0.4 1507.80391732 0.188381299015
540 0.5 1530.27871304 0.191189244507
540 0.6 1540.12161771 0.192418992717
540 0.7 1567.4581916 0.195834356772
540 0.8 1596.85548594 0.199507182152
540 0.9 1613.39236473 0.201573258961
540 1.0 1641.37035019 0.205068759395
550 0.1 1526.43578145 0.190709118122
550 0.2 1435.82083656 0.179387910615
550 0.3 1443.63382748 0.180364046411
550 0.4 1509.64678286 0.188611542087
550 0.5 1559.2489621 0.194808715904
550 0.6 1599.29091707 0.199811458905
550 0.7 1625.36300804 0.203068841584
550 0.8 1643.8857051 0.205383021627
550 0.9 1654.30214448 0.206684425847
550 1.0 1676.13174307 0.209411762003
560 0.1 1518.53697682 0.189722260972
560 0.2 1467.98234273 0.183406089797
560 0.3 1481.37649611 0.185079522253
560 0.4 1533.4238638 0.191582191879
560 0.5 1572.63223029 0.196480788392
560 0.6 1606.29145478 0.200686088804
560 0.7 1628.58620675 0.203471540074
560 0.8 1643.97017691 0.205393575327
560 0.9 1655.89790882 0.206883796704
560 1.0 1674.90394124 0.209258363473
570 0.1 1542.82717785 0.192757018722
570 0.2 1480.06773697 0.184916009117
570 0.3 1493.06593483 0.186539971868
570 0.4 1543.27155471 0.19281253807
570 0.5 1582.70419718 0.19773915507
570 0.6 1616.81623768 0.202001029196
570 0.7 1640.06138164 0.204905220094
570 0.8 1655.62187805 0.206849310101
570 0.9 1669.83304344 0.208624818021
570 1.0 1687.90410823 0.210882572242
580 0.1 1560.71416093 0.194991774229
580 0.2 1498.98541534 0.187279537149
580 0.3 1501.28051093 0.187566280726
580 0.4 1546.99101713 0.193277238522
580 0.5 1585.73161977 0.198117393774
580 0.6 1618.8723193 0.202257910957
580 0.7 1642.68308231 0.205232768905
580 0.8 1658.04439067 0.207151972847
580 0.9 1674.18812775 0.209168931503
580 1.0 1691.14440493 0.211287406913
590 0.1 1574.52950567 0.196717829295
590 0.2 1506.62482462 0.188233986084
590 0.3 1502.20883752 0.187682263558
590 0.4 1548.54606905 0.19347152287
590 0.5 1589.61752104 0.198602888686
590 0.6 1621.19139118 0.202547650072
590 0.7 1645.92753837 0.205638123235
590 0.8 1660.98623333 0.207519519406
590 0.9 1679.5569419 0.209839697888
590 1.0 1694.73765583 0.211736338809
600 0.1 1578.34729144 0.197194814023
600 0.2 1508.69293063 0.188492370144
600 0.3 1500.94559062 0.187524436609
600 0.4 1548.68755857 0.193489200221
600 0.5 1590.80357284 0.19875107107
600 0.6 1619.75170706 0.202367779493
600 0.7 1644.83049594 0.205501061462
600 0.8 1659.04963783 0.207277565946
600 0.9 1679.52180917 0.209835308492
600 1.0 1692.556632 0.211463847076
