10 0.1 1911.25985729 0.238788088117
10 0.2 2354.19923961 0.294127841031
10 0.3 2756.79504554 0.34442716711
10 0.4 3074.04012195 0.384062983752
10 0.5 3331.465091 0.416225023863
10 0.6 3552.72728746 0.443868976444
10 0.7 3739.96023072 0.467261398141
10 0.8 3902.75080742 0.487600050902
10 0.9 4081.87469296 0.509979346946
10 1.0 4288.48535935 0.535792773533
20 0.1 2159.08789596 0.26975111144
20 0.2 2589.01095392 0.323464636922
20 0.3 2972.44158398 0.37136951324
20 0.4 3264.76282219 0.40789140707
20 0.5 3497.26199548 0.436939279795
20 0.6 3674.55192114 0.459089445419
20 0.7 3816.7000914 0.476849086882
20 0.8 3932.39533204 0.491303764623
20 0.9 4029.12001988 0.503388308331
20 1.0 4113.65233057 0.513949566539
30 0.1 2238.68298564 0.279695525442
30 0.2 2652.70614898 0.331422557344
30 0.3 3057.06793055 0.381942520058
30 0.4 3347.3882337 0.418214422001
30 0.5 3559.22956889 0.444681355433
30 0.6 3721.55812984 0.464962285088
30 0.7 3851.50463987 0.481197481243
30 0.8 3956.76898809 0.494348949037
30 0.9 4043.15347344 0.505141613374
30 1.0 4116.69046914 0.514329144071
40 0.1 2279.09674739 0.284744721063
40 0.2 2691.87150931 0.336315780773
40 0.3 3105.60306784 0.38800638029
40 0.4 3386.64063387 0.423118519974
40 0.5 3589.6561369 0.448482775725
40 0.6 3745.79290522 0.467990118093
40 0.7 3869.81187361 0.48348474183
40 0.8 3970.05730667 0.496009158754
40 0.9 4052.76939484 0.506343002853
40 1.0 4122.9449523 0.515110563755
50 0.1 2304.89300924 0.287967642333
50 0.2 2738.17203082 0.342100453625
50 0.3 3128.20786476 0.390830567811
50 0.4 3407.91127596 0.425776021484
50 0.5 3606.88943509 0.450635861455
50 0.6 3759.88739101 0.469751048352
50 0.7 3880.75149772 0.484851511459
50 0.8 3978.34759251 0.497044926601
50 0.9 4058.83405541 0.507100706573
50 1.0 4126.91227134 0.515606230803
60 0.1 2325.24368741 0.290510205823
60 0.2 2768.1147107 0.345841418128
60 0.3 3135.80434784 0.391779653654
60 0.4 3419.79861808 0.427261196662
60 0.5 3617.93631432 0.452016031274
60 0.6 3768.98863543 0.470888135361
60 0.7 3888.00787344 0.485758105127
60 0.8 3983.99872991 0.497750965756
60 0.9 4063.01805749 0.507623445463
60 1.0 4129.84756341 0.515972958947
70 0.1 2501.39358513 0.312517939172
70 0.2 3052.7563747 0.381403844916
70 0.3 3429.29977719 0.428448248025
70 0.4 3703.48612056 0.462704412863
70 0.5 3885.01853507 0.485384624571
70 0.6 4015.09857511 0.501636503636
70 0.7 4114.07280351 0.51400209939
70 0.8 4192.05174333 0.523744595618
70 0.9 4256.58349518 0.531807033381
70 1.0 4312.35105711 0.538774494891
80 0.1 2675.99537806 0.334332256129
80 0.2 2958.83128404 0.369669075966
80 0.3 3087.81008814 0.385783369332
80 0.4 3185.5438773 0.397993987669
80 0.5 3280.88212692 0.409905313208
80 0.6 3396.97701804 0.424409922294
80 0.7 3532.33901316 0.441321715787
80 0.8 3646.90725719 0.455635589354
80 0.9 3744.50142755 0.467828764061
80 1.0 3823.7362307 0.477728164755
90 0.1 2493.83427287 0.31157349736
90 0.2 2719.25991059 0.339737620014
90 0.3 2858.36704433 0.35711732188
90 0.4 2960.25103603 0.369846456275
90 0.5 3043.50421615 0.380247903067
90 0.6 3137.37907773 0.391976396518
90 0.7 3301.1527413 0.412437873726
90 0.8 3429.74303344 0.428503627366
90 0.9 3557.12591307 0.444418529869
90 1.0 3672.77319533 0.458867215808
100 0.1 2490.949396 0.311213067966
100 0.2 2699.854155 0.337313112818
100 0.3 2801.46081284 0.350007597806
100 0.4 2895.45346978 0.361750808319
100 0.5 2971.55050168 0.371258183618
100 0.6 3041.53180141 0.380001474438
100 0.7 3224.51434141 0.402862861246
100 0.8 3391.66123376 0.423745781329
100 0.9 3529.43675866 0.440959115275
100 1.0 3646.14109997 0.455539867562
110 0.1 2545.1617518 0.317986225862
110 0.2 2898.09074174 0.362080302567
110 0.3 3100.07824195 0.387316122183
110 0.4 3239.16559735 0.404693352992
110 0.5 3340.6292801 0.417369975025
110 0.6 3464.70613728 0.432871831244
110 0.7 3605.50283575 0.450462623157
110 0.8 3719.0832841 0.464653083971
110 0.9 3813.55071659 0.476455611768
110 1.0 3893.291435 0.486418220265
120 0.1 2034.17252507 0.254144493386
120 0.2 2163.68858862 0.270325910622
120 0.3 2399.05675568 0.299732228346
120 0.4 2521.32190998 0.31500773488
120 0.5 2618.939911 0.327203886932
120 0.6 2704.90489392 0.337944139671
120 0.7 2790.05703861 0.348582838407
120 0.8 3033.6635686 0.379018436857
120 0.9 3246.018887 0.405549586083
120 1.0 3415.85793657 0.426768857642
130 0.1 2044.35465257 0.255416623259
130 0.2 2173.93803087 0.271606450634
130 0.3 2292.12096741 0.286371934959
130 0.4 2396.8704432 0.299459075862
130 0.5 2500.75919028 0.312438679445
130 0.6 2621.09167315 0.327472722782
130 0.7 2734.5554861 0.341648611457
130 0.8 2875.2854863 0.359231070252
130 0.9 3100.8364238 0.387410847551
130 1.0 3291.0586343 0.411176740917
140 0.1 2092.39579985 0.261418765599
140 0.2 2237.06813206 0.279493769623
140 0.3 2334.5708375 0.291675516929
140 0.4 2423.45378944 0.302780333513
140 0.5 2500.25687874 0.312375921881
140 0.6 2580.40484907 0.322389411429
140 0.7 2680.23689219 0.334862180434
140 0.8 2791.67881361 0.348785458971
140 0.9 2974.03703415 0.371568844846
140 1.0 3169.69090922 0.396013356974
150 0.1 2167.4865333 0.270800416454
150 0.2 2415.15885483 0.301743984861
150 0.3 2533.27945218 0.316501680682
150 0.4 2617.20983604 0.326987735637
150 0.5 2683.09348854 0.335219076529
150 0.6 2737.14266488 0.341971847186
150 0.7 2792.66321259 0.34890844735
150 0.8 2858.6340724 0.357150683708
150 0.9 2924.76010252 0.365412306661
150 1.0 3097.98533968 0.38705464014
160 0.1 1889.03472097 0.236011334454
160 0.2 2169.43676667 0.271044073797
160 0.3 2325.70125123 0.290567372717
160 0.4 2439.01572482 0.304724603301
160 0.5 2535.76282557 0.316811947222
160 0.6 2620.33575531 0.327378280273
160 0.7 2695.46235788 0.336764412529
160 0.8 2759.3639115 0.34474811488
160 0.9 2834.28656335 0.354108766036
160 1.0 2946.36049639 0.368111006545
170 0.1 1635.44945342 0.204329017168
170 0.2 1882.05364685 0.235139136289
170 0.3 2089.63896998 0.261074334081
170 0.4 2235.11324977 0.279249531456
170 0.5 2347.05924927 0.293235788264
170 0.6 2442.0529642 0.305104068491
170 0.7 2522.22913909 0.315121081845
170 0.8 2600.78176042 0.324935252427
170 0.9 2671.77446417 0.333804905568
170 1.0 2746.33652475 0.343120505341
180 0.1 1442.08616112 0.180170684797
180 0.2 1610.49137489 0.201210816452
180 0.3 1871.61268642 0.233834668468
180 0.4 2121.4328914 0.265046588131
180 0.5 2284.963582 0.285477708896
180 0.6 2392.59383036 0.298924766412
180 0.7 2530.68751854 0.316177850891
180 0.8 2676.33948874 0.334375248469
180 0.9 2791.03227879 0.348704682507
180 1.0 2902.27095813 0.362602568482
190 0.1 1427.30069977 0.178323425759
190 0.2 1662.00125249 0.207646333395
190 0.3 1909.20933582 0.238531901027
190 0.4 2122.5927835 0.265191502186
190 0.5 2287.39696633 0.285781729926
190 0.6 2400.86113667 0.299957663252
190 0.7 2496.84170959 0.31194923908
190 0.8 2637.75308778 0.329554358793
190 0.9 2760.24045979 0.344857628659
190 1.0 2862.8425974 0.357676486432
200 0.1 1407.19881596 0.175811946022
200 0.2 1642.45468037 0.20520423293
200 0.3 1882.4204126 0.235184959096
200 0.4 2078.69757856 0.259707343648
200 0.5 2250.76183033 0.281204626478
200 0.6 2368.15192225 0.295871054754
200 0.7 2451.22080352 0.306249475702
200 0.8 2577.11341785 0.321978188137
200 0.9 2700.72058968 0.337421363029
200 1.0 2796.99367831 0.349449485047
210 0.1 1377.03356147 0.172043173597
210 0.2 1613.83551118 0.201628624585
210 0.3 1851.63764658 0.231339036305
210 0.4 2035.34029058 0.254290391127
210 0.5 2213.27552439 0.276521179959
210 0.6 2336.52769692 0.291920002114
210 0.7 2425.87496725 0.303082829492
210 0.8 2518.90413513 0.314705664059
210 0.9 2639.7839587 0.329808090792
210 1.0 2744.10059995 0.342841154417
220 0.1 1375.5094983 0.171852760907
220 0.2 1584.11364498 0.197915247999
220 0.3 1817.81402383 0.227113196381
220 0.4 1988.73022733 0.248467044894
220 0.5 2172.1725522 0.271385876087
220 0.6 2303.2712202 0.287765020015
220 0.7 2398.21634513 0.299627229527
220 0.8 2469.65716073 0.308552868657
220 0.9 2579.95697658 0.322333455345
220 1.0 2689.43102735 0.336010872982
230 0.1 1365.7765517 0.170636750587
230 0.2 1554.11926429 0.194167824124
230 0.3 1785.08632184 0.223024278091
230 0.4 1954.12950646 0.244144116249
230 0.5 2133.34310112 0.26653462033
230 0.6 2266.80040642 0.283208446579
230 0.7 2366.36236136 0.295647471435
230 0.8 2440.01484858 0.304849431357
230 0.9 2526.04388636 0.315597686951
230 1.0 2632.53665652 0.32890263075
240 0.1 1358.47845892 0.169724944892
240 0.2 1523.2039677 0.19030534329
240 0.3 1751.48736975 0.218826507965
240 0.4 1928.5187037 0.24094436578
240 0.5 2094.50914908 0.261682802234
240 0.6 2232.61973709 0.278937998137
240 0.7 2335.1006176 0.291741706346
240 0.8 2416.21832506 0.301876352457
240 0.9 2482.56829846 0.31016595433
240 1.0 2575.1030368 0.321727016092
250 0.1 1355.80027544 0.169390339261
250 0.2 1505.09196099 0.188042473887
250 0.3 1736.76872546 0.216987596884
250 0.4 1905.0912147 0.238017393141
250 0.5 2081.11183749 0.260008975199
250 0.6 2220.91421425 0.277475539012
250 0.7 2324.42555932 0.290407990919
250 0.8 2405.58683253 0.300548080027
250 0.9 2470.48254106 0.308655989638
250 1.0 2583.14553836 0.322731826382
260 0.1 1345.35474661 0.168085300675
260 0.2 1519.75622665 0.189874591035
260 0.3 1749.5393045 0.218583121501
260 0.4 1912.7552762 0.238974922064
260 0.5 2086.52358328 0.260685105357
260 0.6 2219.98701926 0.277359697559
260 0.7 2319.91815222 0.289844846604
260 0.8 2395.95832056 0.299345117511
260 0.9 2454.24741246 0.306627612751
260 1.0 2626.26786817 0.328119423809
270 0.1 1342.22227139 0.167693936955
270 0.2 1517.82052566 0.189632749333
270 0.3 1748.60456497 0.218466337452
270 0.4 1909.6536367 0.238587410882
270 0.5 2085.71816518 0.260584478408
270 0.6 2217.34511485 0.277029624544
270 0.7 2313.55807238 0.28905023393
270 0.8 2385.57651439 0.298048040279
270 0.9 2457.26542178 0.307004675385
270 1.0 2665.56386704 0.333028968896
280 0.1 1403.31599382 0.175326835809
280 0.2 1539.62270013 0.192356659187
280 0.3 1741.8921743 0.217627707934
280 0.4 1905.53450534 0.238072776779
280 0.5 2082.16475871 0.260140524576
280 0.6 2215.05319873 0.276743278202
280 0.7 2308.92905463 0.288471895881
280 0.8 2379.02771747 0.297229849759
280 0.9 2465.49010469 0.308032246963
280 1.0 2701.43966548 0.337511202583
290 0.1 1392.96777871 0.174033955361
290 0.2 1542.97663157 0.1927756911
290 0.3 1721.93763125 0.215134636588
290 0.4 1888.80758366 0.235982956479
290 0.5 2068.7672419 0.258466671901
290 0.6 2204.12138202 0.275377484011
290 0.7 2326.62147847 0.290682343637
290 0.8 2410.3018126 0.301137157996
290 0.9 2512.13634902 0.313860113571
290 1.0 2663.16170643 0.33272884888
300 0.1 1389.77688676 0.173635293199
300 0.2 1533.9323222 0.191645717416
300 0.3 1715.52211983 0.214333098429
300 0.4 1882.48566521 0.235193111596
300 0.5 2064.15858729 0.257890877972
300 0.6 2196.40125771 0.274412950738
300 0.7 2317.08861945 0.289491331765
300 0.8 2415.91604826 0.301838586739
300 0.9 2521.04371752 0.3149729782
300 1.0 2632.09829199 0.328847862568
